1.39
1.24
1.47
1.51
1.29
1.55
1.39
1.76
1.51
1.55
1.94
1.59
1.48
1.66
1.66
1.94
1.84
1.68
1.98
1.70
1.86
1.82
1.95
1.88
2.10
2.01
2.18
1.90
2.29
2.04
2.65
2.20
2.83
2.13
2.92
2.33
2.90
2.69
2.94
3.12
3.37
2.79
3.22
2.91
3.15
3.18
3.36
3.71
3.82
3.58
4.14
3.62
4.46
4.47
5.04
5.07
5.81
5.49
6.30
6.64
6.64
6.71
7.25
7.49
7.54
7.94
8.28
8.64
8.72
9.02
9.34
9.24
9.26
9.46
10.00
10.73
10.88
10.94
10.80
11.85
12.10
13.02
13.80
14.87
14.88
15.29
15.86
16.34
17.31
18.86
18.87
19.06
19.37
18.93
21.09
22.06
22.62
21.92
24.51
24.05
24.17
24.84
25.70
26.01
26.28
27.27
26.64
27.72
28.97
29.03
28.55
29.46
31.37
31.42
32.20
32.46
34.30
34.00
34.05
35.49
36.91
35.01
37.10
40.14
38.58
39.68
40.34
40.61
42.14
42.26
48.21
48.52
45.99
44.69
47.54
48.24
46.69
46.10
47.33
47.75
48.55
48.59
48.12
48.19
49.18
50.53
51.26
48.67
49.19
51.00
51.59
51.23
49.86
49.92
50.83
49.41
49.44
49.96
51.08
50.98
51.91
52.83
54.40
54.18
52.64
56.21
56.07
56.05
56.32
57.80
60.20
57.70
55.97
57.30
57.49
59.20
60.42
61.06
60.99
58.98
56.27
54.77
55.60
60.37
59.69
59.38
58.09
57.88
58.60
58.73
59.03
59.84
59.09
57.26
56.92
55.67
58.10
58.42
57.87
58.23
59.36
58.05
60.98
59.92
61.16
63.87
64.47
65.51
65.31
62.85
62.36
61.53
61.51
64.68
62.98
63.26
64.03
65.72
64.34
62.46
62.94
61.33
65.47
66.01
66.19
67.36
67.04
65.25
66.62
64.84
70.83
70.82
67.62
71.25
68.72
70.38
67.36
66.99
70.63
71.81
70.52
75.37
73.94
72.34
74.53
75.41
75.80
73.74
74.57
71.50
68.86
67.98
72.77
72.87
79.93
81.56
82.36
85.67
80.02
77.22
79.78
78.35
79.55
82.96
76.78
73.45
77.71
75.61
74.21
77.07
81.66
78.54
81.82
77.48
77.99
81.57
76.61
78.37
77.17
77.02
76.94
74.63
76.40
76.80
77.40
79.25
78.55
81.35
79.40
78.69
77.95
77.77
83.00
83.07
78.75
77.42
76.20
81.71
84.59
81.15
77.66
80.99
81.09
82.54
85.76
85.05
82.43
80.82
89.21
85.89
85.35
83.95
86.29
92.74
92.65
91.18
88.73
90.01
92.04
90.73
87.89
90.52
87.66
91.94
93.64
98.68
97.79
94.12
96.28
97.26
94.09
92.36
90.55
88.57
92.19
92.11
92.59
91.27
91.71
88.67
87.33
85.76
89.46
93.16
92.92
90.02
90.65
88.94
91.99
90.36
86.76
86.15
92.52
88.71
89.19
85.82
89.26
87.92
88.96
92.98
92.55
91.82
93.34
95.23
95.30
97.19
93.29
94.39
89.78
91.03
91.32
91.09
88.98
89.33
88.90
88.90
90.31
88.07
87.16
89.12
88.42
85.34
85.24
91.52
87.65
90.07
91.35
93.93
90.69
92.40
96.85
92.79
99.94
104.46
102.85
103.88
105.66
105.07
109.11
112.52
110.78
110.18
106.90
104.63
102.70
100.32
101.48
100.60
107.10
102.13
104.45
104.04
101.16
106.73
105.12
103.66
97.75
95.47
97.99
101.05
108.60
110.30
107.43
105.58
111.09
111.17
109.50
107.38
109.25
104.75
109.64
108.90
111.84
109.15
105.45
106.04
105.12
109.60
105.72
106.57
109.56
107.79
106.50
105.22
106.96
113.27
111.37
115.44
115.99
112.12
111.73
109.23
105.61
106.48
104.56
105.59
110.33
111.96
109.93
111.37
111.95
114.32
117.50
121.73
118.11
116.82
111.27
105.93
104.70
106.13
110.64
108.62
110.92
112.42
116.39
111.12
110.59
113.07
112.26
110.20
119.22
117.49
118.58
120.83
117.90
120.55
121.57
119.61
118.67
120.59
116.54
114.98
114.32
119.17
117.59
115.64
116.75
122.12
122.15
116.79
115.98
117.62
118.38
119.31
118.64
121.19
120.18
119.81
118.05
118.06
112.96
116.99
114.09
114.75
119.60
114.36
109.56
105.97
107.00
109.52
102.71
103.30
104.78
108.21
110.71
115.95
117.75
122.36
128.51
128.79
129.40
127.91
122.41
113.23
122.80
118.07
116.04
113.89
108.87
110.20
111.65
112.31
113.49
116.38
115.35
112.58
111.86
113.49
114.29
127.29
117.95
115.66
116.87
110.04
117.07
116.84
116.01
114.19
119.24
119.18
121.78
119.53
123.20
126.79
130.89
127.99
131.80
131.56
137.70
139.75
146.10
150.62
139.70
134.61
132.89
132.91
133.62
135.57
134.99
134.89
141.37
142.75
145.65
142.44
148.19
140.97
135.20
135.74
135.74
132.84
139.04
140.47
137.68
129.73
134.67
146.40
136.50
132.34
144.01
149.78
140.18
141.09
139.86
144.74
150.35
140.96
131.67
126.93
132.45
132.34
128.65
132.80
128.97
139.55
134.05
139.10
140.33
137.97
123.50
123.48
133.27
144.26
147.28
147.31
141.74
143.39
141.62
146.21
136.32
137.60
144.89
141.55
140.63
142.25
148.86
141.76
142.03
135.39
136.99
137.42
137.83
133.65
141.11
138.60
140.48
136.72
138.47
133.11
140.18
157.89
152.95
146.42
142.15
150.31
146.25
148.26
142.92
133.17
123.09
130.56
136.23
145.28
144.41
148.17
142.61
143.72
145.25
150.94
153.13
158.26
159.79
158.93
158.14
158.41
155.27
160.67
165.65
164.34
161.90
149.24
133.19
127.11
128.93
140.75
150.62
155.31
158.36
153.98
140.63
144.97
146.73
144.93
147.49
144.44
154.90
149.79
153.36
138.14
136.05
135.34
141.55
140.67
152.37
159.80
155.33
152.57
151.14
143.72
138.60
134.66
139.00
134.52
139.79
147.29
138.49
148.38
147.73
145.59
151.07
153.34
155.04
152.32
159.95
168.75
167.29
163.99
164.99
165.57
155.79
155.36
167.42
164.56
170.02
172.94
168.27
163.83
165.23
162.47
158.28
158.17
158.97
159.58
157.61
166.05
167.03
171.36
167.56
169.83
178.32
177.13
174.26
175.27
165.53
158.26
164.02
165.73
167.56
174.72
175.90
164.82
165.96
166.15
164.17
165.08
166.54
165.57
160.89
157.91
166.13
161.37
149.88
151.48
150.44
156.79
161.36
167.23
170.62
160.28
158.96
160.62
169.42
169.46
174.01
166.78
156.93
146.60
142.64
139.56
136.93
147.82
154.59
154.78
154.50
159.88
159.16
161.07
169.86
167.34
161.74
161.53
155.62
151.74
142.41
155.96
163.06
144.48
148.56
147.00
148.82
144.74
157.51
161.64
164.44
164.73
159.54
165.87
168.27
170.11
175.47
178.69
180.45
174.72
174.72
166.75
171.16
165.53
172.16
174.79
177.01
167.16
163.67
155.05
154.59
152.85
162.93
163.06
171.90
178.56
167.82
172.46
178.29
178.26
175.53
158.77
156.96
152.29
165.77
167.40
160.77
162.91
160.68
169.24
172.04
168.74
166.02
174.97
182.14
171.79
167.74
167.17
169.77
165.18
174.18
175.28
175.35
169.98
166.91
162.48
172.93
176.30
164.71
160.87
168.89
182.38
178.86
174.08
170.09
163.43
163.83
171.48
161.36
157.17
147.98
151.52
153.49
167.38
161.06
168.33
155.78
154.14
149.56
154.86
163.27
171.66
172.88
171.29
160.92
157.31
154.80
155.26
171.23
172.14
177.85
179.87
175.96
178.84
185.74
182.31
184.79
175.58
182.43
172.89
171.77
177.56
183.38
187.27
178.13
180.32
180.04
181.11
184.37
175.79
169.79
178.44
177.53
178.08
165.00
160.73
170.64
162.35
168.02
160.32
159.64
159.27
147.90
163.90
156.16
164.10
175.67
168.13
170.46
164.54
159.65
158.97
150.12
162.24
159.18
163.14
163.79
163.49
156.37
159.67
167.19
178.85
176.85
177.36
180.80
180.01
185.70
180.27
169.51
164.37
159.82
161.72
163.64
162.47
163.09
169.58
174.52
179.23
177.44
190.55
170.40
182.65
177.86
175.40
179.48
179.31
183.60
183.21
186.23
186.79
180.45
184.61
189.44
187.87
179.45
187.19
184.77
187.95
193.32
183.53
172.45
175.91
173.48
174.30
169.73
177.85
182.09
174.03
173.27
172.06
174.98
172.60
175.22
171.53
163.18
157.13
168.07
164.20
164.42
168.24
168.26
154.20
151.44
157.99
175.04
171.98
180.22
184.47
186.37
183.11
180.83
176.63
177.59
173.37
175.09
176.44
181.05
171.22
183.43
189.89
183.89
179.21
181.69
178.75
170.29
164.44
167.03
168.10
176.22
175.54
179.64
174.78
177.83
158.81
165.97
174.77
184.11
186.77
173.23
176.69
180.38
174.01
171.86
173.27
178.24
184.92
174.41
173.41
169.44
169.06
164.40
162.80
170.03
178.43
157.69
152.55
157.29
153.92
154.40
154.33
174.38
174.72
164.04
159.36
160.36
165.95
178.24
171.42
169.77
175.85
177.20
176.32
174.04
164.71
168.10
173.64
179.71
193.60
203.35
198.99
190.84
179.64
181.29
178.09
173.53